38 80 23 60 82
25 35 28 47 39
40 00 30 48 76
32 41 49 69 04
13 42 89 20 12

76 89 13 05 98
87 48 02 59 20
37 88 41 24 57
16 85 31 73 95
70 11 93 30 27

81 55 41 85 33
67 97 71 90 52
19 03 79 66 14
49 96 94 26 25
60 46 51 82 09

33 60 26 83 21
91 07 39 19 41
88 09 82 69 29
93 79 12 34 11
43 65 64 54 20

55 75 71 30 14
42 67 03 73 13
78 72 51 96 99
95 10 84 00 31
91 47 66 33 34

11 72 55 52 79
94 34 53 61 40
08 31 49 68 71
37 45 15 78 57
21 88 65 24 56

65 59 04 41 69
44 61 23 46 42
10 68 37 54 25
82 02 13 71 93
87 90 89 57 74

75 70 40 68 30
05 28 58 52 19
80 96 53 43 63
33 60 66 64 56
88 74 09 08 36

58 38 46 42 89
98 85 17 51 02
28 92 22 64 53
27 97 43 10 54
75 56 71 67 79

75 86 11 04 39
14 80 41 26 02
97 18 96 05 28
44 68 54 88 35
57 98 74 21 19

45 16 04 23 63
44 37 99 21 85
02 82 58 10 84
00 47 53 33 20
93 19 39 72 08

05 25 24 32 44
59 37 95 88 89
68 69 08 96 99
16 00 07 92 94
65 15 55 66 31

65 14 92 66 69
43 45 30 08 26
87 47 18 82 76
33 80 67 35 22
38 62 84 96 52

39 45 15 57 53
35 47 70 04 00
50 17 65 78 03
02 07 28 36 42
99 48 27 83 72

52 47 81 44 92
35 86 36 71 29
57 15 01 95 07
68 77 06 03 31
20 13 58 89 93

02 56 27 04 64
69 91 88 58 15
10 92 61 63 06
84 93 79 25 90
16 31 55 46 53

23 42 93 12 30
47 99 38 00 14
06 90 72 70 21
62 61 96 87 22
05 55 51 28 17

42 12 58 95 92
67 89 88 87 47
32 72 11 83 97
55 16 66 57 29
54 64 96 02 36

72 47 69 68 12
23 04 37 79 13
52 05 59 58 70
44 03 21 93 76
97 00 35 09 71

87 49 55 18 94
68 32 99 50 37
15 03 80 90 42
83 12 41 21 58
91 89 74 45 51

05 60 13 46 47
18 54 33 26 00
28 43 83 31 20
12 75 34 36 04
76 02 80 70 79

16 66 25 97 20
52 23 80 74 90
31 81 95 28 36
99 08 50 57 98
11 00 30 35 39

12 33 36 90 30
59 66 77 25 46
88 24 04 41 50
18 52 37 75 43
68 49 56 84 87

27 80 51 25 93
04 41 61 30 67
68 47 15 20 50
78 66 97 54 84
35 01 23 89 14

82 51 38 80 75
35 79 43 54 03
73 13 23 25 59
27 64 47 62 66
83 00 07 04 20

67 02 72 23 81
46 01 26 85 25
31 65 52 16 14
15 04 91 59 19
83 60 10 89 90

62 63 13 96 06
24 91 27 29 81
38 47 50 26 36
79 73 22 45 58
15 54 76 46 70

42 69 91 34 09
96 28 61 41 56
15 05 59 47 50
79 27 04 00 21
51 44 26 95 32

09 38 06 58 99
89 69 96 33 73
26 20 32 12 27
67 29 79 81 59
66 45 24 36 68

99 52 01 66 64
15 76 36 75 83
48 07 95 71 06
31 28 65 14 69
10 38 46 74 96

15 12 59 98 54
18 75 48 65 96
57 38 02 86 05
00 87 93 23 94
50 29 13 91 14

55 83 80 45 52
44 31 64 25 71
15 85 50 91 54
09 29 78 74 23
73 82 75 58 98

63 56 29 80 25
53 52 91 18 24
73 83 07 11 87
79 47 41 59 78
13 51 09 21 20

28 35 98 80 63
30 60 34 99 32
11 61 15 73 24
55 74 42 38 26
22 17 43 75 71

97 53 65 75 51
96 74 81 69 71
76 05 49 60 41
86 64 90 92 30
06 95 85 93 40

65 90 20 04 82
41 17 48 27 77
84 60 94 15 10
55 64 49 35 16
36 08 23 58 59

74 19 70 35 82
77 21 84 50 25
18 61 12 28 54
00 03 72 85 87
78 04 57 38 16

01 63 00 38 23
31 76 73 22 35
08 72 44 25 45
70 33 29 37 21
49 50 85 57 61

37 50 51 12 93
83 80 87 06 88
04 95 62 20 41
78 56 76 49 11
72 07 52 14 28

72 34 61 19 68
02 67 88 07 55
08 11 20 85 47
42 54 46 48 64
38 84 03 76 13

32 34 55 90 64
16 01 94 48 91
96 45 27 58 63
98 20 43 73 10
87 52 49 08 24

06 09 31 37 29
45 55 12 23 67
86 00 81 49 01
18 25 07 15 50
32 34 90 99 69

38 73 44 17 52
07 81 85 62 98
68 66 86 21 76
24 94 50 46 67
36 54 55 96 08

90 39 51 05 99
33 20 14 01 81
94 74 38 95 35
37 96 62 57 84
65 11 55 46 69

26 29 75 03 55
33 83 68 94 47
37 41 85 50 57
76 39 05 81 20
18 24 92 71 87

89 92 39 70 59
40 35 23 62 47
07 16 22 34 71
15 97 86 91 03
54 26 56 44 29

93 91 66 08 78
60 48 51 06 57
69 35 87 65 73
53 32 94 49 89
88 34 23 84 59

41 57 07 37 00
79 02 86 82 09
25 69 14 78 33
04 28 85 08 61
97 72 88 01 54

24 84 65 28 60
99 86 53 93 22
17 67 10 29 54
27 00 96 20 36
25 03 62 89 33

10 28 78 82 96
21 11 51 27 97
41 63 72 58 89
07 00 76 67 19
52 38 87 18 13

73 35 49 44 79
76 47 94 53 82
11 61 88 86 83
81 60 33 99 72
84 26 40 08 54

31 50 40 09 80
06 59 51 55 12
02 34 93 38 13
11 82 21 20 72
89 83 60 53 79

42 54 52 13 85
99 76 87 44 26
36 50 00 59 82
10 73 29 72 27
79 31 64 51 91

68 49 65 94 03
46 02 06 78 93
63 31 53 27 60
21 67 99 22 95
24 09 18 76 33

31 95 91 18 37
83 02 78 75 08
77 33 09 12 22
24 50 80 93 39
21 47 35 70 94

02 44 55 60 89
45 18 46 72 11
47 83 56 52 65
04 19 21 14 34
25 80 16 48 36

53 92 71 14 95
98 51 54 15 82
48 87 99 46 83
42 86 11 43 18
72 28 37 93 78

84 79 30 28 98
33 80 65 82 25
35 29 46 13 60
90 69 52 78 64
55 94 00 48 56

42 71 26 93 82
47 36 31 89 69
65 05 41 01 32
74 17 64 11 68
23 54 61 99 37

97 04 22 02 38
08 17 79 99 20
44 80 28 57 32
18 86 94 77 70
11 93 75 49 03

80 48 85 89 23
30 50 94 46 18
59 09 81 42 08
40 15 90 26 31
00 51 39 36 65

93 63 15 87 25
90 44 65 23 66
22 27 20 17 45
42 62 14 00 57
46 04 10 35 96

44 43 60 80 86
48 45 78 40 19
54 98 32 17 69
25 11 14 34 63
26 20 59 00 74

00 59 87 45 30
33 36 01 38 43
67 37 74 02 70
85 22 44 56 23
68 24 75 92 10

90 83 87 85 67
95 24 94 06 40
77 15 52 68 66
22 20 38 29 79
03 10 62 13 16

09 49 87 13 18
85 39 77 82 86
96 44 12 72 78
59 81 21 94 88
17 93 23 56 45

57 53 80 98 22
23 45 05 26 77
06 28 04 25 83
59 55 58 75 92
72 36 99 82 97

74 33 53 49 86
09 50 66 07 78
29 36 71 26 87
54 82 84 47 46
39 30 56 22 27

06 49 84 14 43
41 44 29 18 79
93 56 77 64 26
15 13 96 09 80
50 54 75 99 24

58 49 91 69 63
16 55 19 18 84
13 79 42 56 00
36 27 60 74 53
66 61 62 54 15

85 22 43 79 90
77 21 75 66 15
25 68 69 35 78
88 03 18 50 07
08 27 52 76 72

12 56 00 45 33
13 81 25 24 41
80 65 09 32 95
18 44 36 68 99
78 29 17 38 43

57 41 77 05 10
98 30 70 23 46
09 19 11 34 74
43 33 32 95 14
65 08 68 50 88

49 93 95 01 55
57 92 58 00 90
69 15 23 62 56
54 37 06 96 11
26 80 70 79 88

46 76 82 77 19
04 50 83 88 69
67 44 59 25 21
40 12 90 33 24
63 78 09 71 86

74 82 88 25 15
61 83 07 06 98
41 09 84 13 72
78 26 08 60 20
04 58 29 93 11

46 60 44 55 63
91 19 58 56 85
02 32 67 26 41
43 61 25 73 21
86 14 71 09 06

38 72 58 17 77
25 79 78 05 67
81 70 50 85 73
07 69 14 80 06
93 51 60 42 29

82 28 99 66 27
35 97 91 90 80
87 07 55 78 17
83 36 98 37 72
58 43 51 49 56

93 72 61 19 74
81 44 27 25 12
96 10 26 69 99
94 23 63 52 08
71 95 17 54 70

28 21 33 05 26
45 86 63 92 69
77 43 99 20 56
89 40 36 30 53
41 32 94 17 58

83 63 92 93 51
11 86 67 03 61
81 50 16 90 89
00 75 31 22 77
82 74 37 57 39

49 87 33 00 13
54 38 71 85 32
79 84 89 04 61
34 14 69 47 03
35 12 59 01 55

95 37 72 73 85
00 69 50 75 55
51 24 90 71 78
66 86 23 40 06
34 27 43 14 65

46 11 41 86 21
31 82 38 23 53
66 52 39 06 01
16 95 36 00 69
28 54 91 99 60

32 80 04 03 97
26 63 89 52 22
25 91 43 96 68
71 42 78 34 56
00 82 05 69 19

69 60 58 19 01
91 59 54 52 11
43 46 27 02 07
89 57 42 88 31
93 94 37 96 29

72 08 29 64 75
16 45 00 39 46
77 06 88 40 27
92 78 21 63 51
24 12 90 94 47

05 41 63 42 73
37 80 91 18 50
03 24 53 17 49
06 86 30 46 69
16 97 75 88 93

97 60 66 77 74
01 72 41 69 94
30 08 98 33 43
99 63 95 91 11
56 65 70 12 00

47 39 37 79 48
60 31 19 10 53
14 36 25 38 02
76 89 32 01 20
65 72 91 71 66

87 72 13 30 75
50 80 97 17 63
99 09 53 69 86
20 57 92 66 21
31 42 04 98 00

38 89 15 91 95
94 20 13 64 25
37 09 98 10 44
28 97 05 78 32
99 41 82 22 87

97 16 42 87 15
19 70 82 66 30
79 05 67 75 91
27 26 56 63 17
51 99 13 59 35

85 33 03 34 05
72 74 88 81 10
04 64 61 59 08
78 42 90 27 80
14 12 52 76 01

67 92 61 33 60
82 91 85 76 56
39 37 06 65 63
32 51 45 14 98
73 17 08 46 70

97 75 33 09 23
85 27 15 03 26
04 34 36 10 77
68 82 37 32 86
58 88 95 87 99

70 19 67 42 31
81 06 10 95 18
85 50 90 25 56
16 94 07 78 24
59 88 93 77 04

92 25 16 75 67
97 71 53 32 90
06 70 69 55 40
77 20 72 84 73
34 35 38 98 76

24 96 27 39 03
54 26 12 65 60
67 62 43 98 14
15 95 02 82 33
64 17 86 00 63